[_DSC0311.jpg]
filters=bw=1;finetune2=1,0.000000,0.000000,0.064561,00000000,0.000000;tilt=1,-0.003992,0.000000;
moddate=0000a1c610cf0000
width=3000
height=4496
textactive=0
